2.17 -15.42
5.17 -27.42
6.17 -34.42
5.17 -43.42
4.17 -51.42
4.17 -58.42
3.17 -67.42
3.17 -76.42
3.17 -82.42
2.17 -90.42
5.17 -98.42
6.17 -103.42
12.17 -94.42
11.17 -102.42
10.17 -110.42
9.17 -118.42
13.17 -130.42
16.17 -140.42
16.17 -149.42
20.17 -157.42
24.17 -164.42
24.17 -151.42
29.17 -148.42
29.17 -155.42
30.17 -163.42
32.17 -171.42
36.17 -175.42
41.17 -181.42
45.17 -185.42
43.17 -175.42
48.17 -178.42
49.17 -182.42
52.17 -185.42
56.17 -190.42
60.17 -190.42
60.17 -179.42
68.17 -183.42
68.17 -174.42
68.17 -160.42
72.17 -164.42
78.17 -167.42
77.17 -158.42
73.17 -150.42
71.17 -142.42
71.17 -135.42
77.17 -138.42
82.17 -140.42
78.17 -131.42
75.17 -123.42
74.17 -113.42
78.17 -113.42
82.17 -113.42
82.17 -102.42
85.17 -88.42
90.17 -78.42
91.17 -59.42
91.17 -46.42
90.17 -31.42
87.17 -18.42
82.17 -3.42
74.17 8.58
82.17 7.58
92.17 0.58
97.17 -4.42
104.17 -7.42
113.17 -0.42
116.17 3.58
121.17 6.58
124.17 10.58
129.17 15.58
133.17 19.58
127.17 28.58
118.17 32.58
109.17 41.58
107.17 46.58
102.17 54.58
97.17 49.58
92.17 45.58
82.17 41.58
69.17 39.58
65.17 46.58
68.17 55.58
64.17 62.58
57.17 68.58
56.17 77.58
57.17 90.58
50.17 102.58
45.17 112.58
40.17 114.58
35.17 116.58
33.17 122.58
28.17 127.58
21.17 131.58
16.17 140.58
11.17 143.58
0.17 151.58
-10.83 157.58
-22.83 163.58
-25.83 170.58
-33.83 171.58
-40.83 170.58
-49.83 170.58
-45.83 178.58
-42.83 189.58
-49.83 187.58
-52.83 182.58
-55.83 176.58
-63.83 174.58
-69.83 171.58
-70.83 178.58
-67.83 185.58
-63.83 194.58
-70.83 194.58
-75.83 187.58
-75.83 182.58
-75.83 177.58
-78.83 170.58
-79.83 181.58
-79.83 191.58
-86.83 185.58
-86.83 172.58
-82.83 162.58
-74.83 151.58
-67.83 142.58
-60.83 133.58
-52.83 125.58
-46.83 113.58
-38.83 99.58
-31.83 87.58
-23.83 76.58
-19.83 67.58
-14.83 55.58
-14.83 45.58
-18.83 33.58
-29.83 41.58
-37.83 44.58
-47.83 45.58
-56.83 43.58
-62.83 38.58
-66.83 30.58
-68.83 23.58
-71.83 16.58
-82.83 8.58
-89.83 1.582
-105.83 -10.42
-117.83 -20.42
-128.83 -33.42
-141.83 -38.42
-152.83 -46.42
-163.83 -55.42
-164.83 -64.42
-161.83 -67.42
-157.83 -67.42
-157.83 -60.42
-152.83 -54.42
-144.83 -54.42
-134.83 -54.42
-126.83 -53.42
-112.83 -46.42
-100.83 -36.42
-88.83 -28.42
-80.83 -20.42
-71.83 -10.42
-67.83 -3.42
-61.83 -9.42
-56.83 -13.42
-46.83 -12.42
-36.83 -6.42
-29.83 -3.42
-21.83 -5.42
-15.83 -7.42
-6.83 -10.42
