-94.82 -88.17
-113.82 -104.17
-116.82 -120.17
-107.82 -132.17
-99.82 -145.17
-111.82 -162.17
-128.82 -157.17
-127.82 -135.17
-139.82 -105.17
-153.82 -81.17
-171.82 -63.17
-194.82 -57.17
-220.82 -66.17
-240.82 -88.17
-250.82 -118.17
-253.82 -151.17
-243.82 -191.17
-228.82 -218.17
-207.82 -249.17
-184.82 -266.17
-160.82 -272.17
-135.82 -273.17
-110.82 -261.17
-103.82 -227.17
-90.82 -220.17
-88.82 -200.17
-66.82 -175.17
-52.82 -149.17
-42.82 -125.17
-15.82 -130.17
8.18 -149.17
29.18 -148.17
48.18 -142.17
67.18 -149.17
57.18 -179.17
40.18 -188.17
31.18 -202.17
25.18 -226.17
34.18 -243.17
51.18 -251.17
72.18 -259.17
91.18 -264.17
119.18 -268.17
148.18 -265.17
167.18 -255.17
190.18 -235.17
194.18 -202.17
187.18 -176.17
180.18 -156.17
216.18 -148.17
250.18 -137.17
279.18 -132.17
318.18 -130.17
349.18 -142.17
319.18 -118.17
299.18 -120.17
268.18 -120.17
239.18 -125.17
223.18 -132.17
202.18 -139.17
177.18 -137.17
158.18 -135.17
142.18 -122.17
124.18 -117.17
105.18 -117.17
90.18 -118.17
69.18 -106.17
75.18 -103.17
88.18 -105.17
99.18 -108.17
106.18 -108.17
121.18 -110.17
138.18 -108.17
148.18 -90.17
154.18 -64.17
148.18 -40.17
128.18 -16.17
107.18 -8.17
94.18 -8.17
85.18 -12.17
57.18 -15.17
38.18 -7.17
13.18 3.83
0.18 15.83
-5.82 27.83
9.18 22.83
21.18 23.83
36.18 27.83
51.18 36.83
72.18 46.83
85.18 59.83
95.18 73.83
107.18 94.83
120.18 73.83
135.18 61.83
155.18 53.83
178.18 55.83
196.18 65.83
210.18 81.83
218.18 101.83
223.18 128.83
218.18 156.83
203.18 178.83
186.18 188.83
167.18 190.83
148.18 186.83
132.18 175.83
123.18 165.83
114.18 151.83
105.18 171.83
94.18 189.83
79.18 202.83
67.18 212.83
58.18 216.83
80.18 225.83
96.18 242.83
104.18 270.83
94.18 301.83
81.18 314.83
61.18 321.83
38.18 325.83
18.18 322.83
1.18 311.83
-14.82 298.83
-24.82 275.83
-23.82 250.83
-16.82 238.83
-8.82 232.83
9.18 226.83
-15.82 224.83
-35.82 217.83
-53.82 206.83
-74.82 189.83
-86.82 188.83
-96.82 184.83
-102.82 170.83
-108.82 158.83
-108.82 143.83
-107.82 127.83
-103.82 113.83
-99.82 94.83
-88.82 78.83
-81.82 64.83
-90.82 51.83
-100.82 40.83
-125.82 37.83
-120.82 50.83
-110.82 63.83
-105.82 84.83
-111.82 106.83
-123.82 115.83
-134.82 117.83
-132.82 133.83
-137.82 151.83
-154.82 160.83
-172.82 160.83
-185.82 153.83
-196.82 137.83
-210.82 140.83
-226.82 131.83
-234.82 110.83
-230.82 100.83
-240.82 90.83
-241.82 73.83
-234.82 50.83
-227.82 38.83
-216.82 26.83
-202.82 20.83
-186.82 14.83
-173.82 16.83
-159.82 5.837
-153.82 -5.17
-129.82 -8.17
-117.82 -8.17
-107.82 -4.17
-114.82 -18.17
-111.82 -36.17
-108.82 -50.17
-103.82 -66.17
-100.82 -78.17
